


5 4
1 2 3 4 1
2 1 4 3 2
3 3 5 5 3
1 3 4 3 4

4 2
1 1 2 2 3
2 2 4 4 5

5
1 2 3 4 5
6 7 8 9 0
-1 2 1 1 1
5 2 3 1 4
1 0 1 0 1
3
2 1 2 1
3 3 5 5
1 1 5 5


3
-5 -4 8


5
1 2 3 4 5




7
-10 -5 -3 2 7 9 13

7
-10 -5 -3 2 7 9 13

10 20
2 4
1 4
1 2
6 7
2 4
9 1
4 6
2 6
6 10
5 9
4 5
1 8
2 5
2 5
5 6
4 9
3 10
4 4
6 9
2 5
76

4 4 
1 2 
1 4 
3 1 
4 2

3 4 0
64 64 64 64
64 64 64 64
64 64 64 63
--> 22 63


3 4 1
64 64 64 64
64 64 64 64
64 64 64 63

3 4 99
0 0 0 0
0 0 0 0
0 0 0 1

5 4
1 2 3 4 1
2 1 4 3 2
3 3 5 5 3
1 3 4 3 4

5
1 2 3 4 5
6 7 8 9 0
-1 2 1 1 1
5 2 3 1 4
1 0 1 0 1
3
2 1 2 1
3 3 5 5
1 1 5 5


3
-5 -4 8

5
1 2 3 4 5



250
-996 -995 -991 -988 -986 -984 -978 -963 -937 -925 -922 -920 -919 -914 -905 -904 -903 -881 -878 -863 -854 -851 -849 -841 -839 -834 -827 -822 -794 -793 -791 -789 -787 -786 -785 -780 -773 -773 -763 -762 -761 -756 -743 -739 -739 -733 -730 -698 -697 -677 -674 -673 -672 -672 -670 -659 -659 -652 -649 -638 -637 -613 -603 -596 -593 -583 -582 -580 -575 -565 -565 -562 -558 -554 -552 -548 -542 -529 -512 -512 -508 -503 -501 -495 -476 -462 -460 -458 -432 -415 -402 -374 -366 -361 -359 -351 -332 -323 -323 -319 -316 -315 -315 -301 -298 -285 -284 -278 -259 -245 -237 -228 -206 -196 -172 -170 -164 -160 -158 -153 -153 -152 -147 -143 -130 -89 -86 -80 -75 -73 -66 -58 -43 -43 -20 -17 -17 6 8 8 20 53 78 106 116 134 143 149 163 165 168 170 170 182 183 184 185 202 203 204 210 217 224 226 226 230 233 250 252 255 259 267 268 289 289 292 299 312 317 318 326 333 333 350 351 361 361 362 362 376 386 415 417 434 439 439 453 457 470 492 514 517 528 550 551 562 571 581 586 596 607 611 630 638 646 657 689 707 716 727 730 740 746 751 759 762 770 787 793 796 796 799 810 812 820 829 863 864 882 885 886 888 891 897 904 910 944 954 976 996 

7
-10 -5 -3 2 7 9 13

4 4 
1 2 
1 4 
3 1 
4 2

3 4 99
0 0 0 0
0 0 0 0
0 0 0 1

3 4 1
64 64 64 64
64 64 64 64
64 64 64 63

3 4 0
64 64 64 64
64 64 64 64
64 64 64 63